# Created by Octave 3.8.1, Mon Oct 31 12:49:39 2016 CST <favoryoung@favoryoung-PC>
# name: M
# type: scalar
0


# name: PRNceil
# type: scalar
255


# name: R
# type: scalar
0


# name: V
# type: scalar
0


# name: alpha
# type: scalar
1


# name: ans
# type: matrix
# rows: 1
# columns: 2
 0.7 2


# name: axon
# type: matrix
# rows: 1
# columns: 500
 0 1 1 1 1 0 1 0 1 1 1 1 0 1 0 0 0 0 0 1 0 1 1 0 1 1 0 1 0 0 1 1 1 1 1 0 1 1 0 1 1 0 1 1 0 1 1 1 1 1 1 1 0 0 1 0 0 1 0 1 1 1 1 1 0 1 1 0 1 1 0 0 1 0 0 0 0 1 1 1 1 1 1 1 1 1 0 1 1 0 0 1 1 0 1 1 1 0 1 1 1 1 1 0 0 1 1 1 1 1 0 1 1 1 0 1 1 1 0 1 0 1 1 1 0 1 0 1 0 1 1 1 1 0 0 1 0 1 0 1 1 1 1 1 1 1 0 0 1 1 0 1 1 1 1 1 0 1 0 1 1 1 1 1 0 1 0 1 1 1 1 1 1 1 1 0 1 1 1 0 1 0 0 1 1 0 1 1 0 0 0 0 1 1 1 1 1 1 1 1 1 1 1 1 1 1 1 1 0 0 0 1 1 0 1 1 1 1 1 1 1 0 0 1 1 0 1 1 0 0 1 1 1 1 1 0 1 1 1 1 0 0 1 1 1 1 1 0 1 1 1 1 0 1 1 0 1 1 1 0 1 1 0 0 1 1 1 0 1 1 1 1 0 1 1 1 0 0 1 0 1 0 1 0 1 1 1 1 1 1 1 1 1 0 1 1 1 0 0 1 1 0 0 0 1 1 1 1 1 0 0 1 0 1 1 0 1 0 1 1 1 1 1 1 0 1 1 0 1 1 1 1 1 1 0 1 0 0 1 0 1 1 1 1 1 1 1 0 0 1 1 1 1 0 1 1 1 1 1 1 1 1 1 1 1 1 1 1 1 1 1 0 1 1 0 1 1 1 1 1 1 1 0 1 1 1 1 0 1 1 0 1 1 1 1 1 0 1 1 1 1 1 0 1 0 1 0 1 1 0 1 0 1 0 1 1 1 1 1 0 1 1 1 0 1 1 0 1 1 0 0 1 1 1 0 1 1 0 1 1 0 1 1 1 0 1 0 1 0 1 1 1 1 0 1 1 0 0 1 1 0 0 1 1 1 1 1 0 1 1 1 1 1 1 0 1 1 1 1 0 1 1 0 1 1 1 1 1 0 0 0 1 1 1 0 1 0 1 0 0


# name: axon_num
# type: scalar
1


# name: b
# type: scalar
0


# name: beta
# type: scalar
1


# name: c
# type: scalar
1


# name: epsilon
# type: scalar
0


# name: eta
# type: scalar
0


# name: expr
# type: matrix
# rows: 1
# columns: 2
 0.7 2


# name: gamma
# type: scalar
0


# name: i
# type: scalar
500


# name: in
# type: matrix
# rows: 1
# columns: 1000
 3 3 4 5 6 6 7 8 8 9 10 10 11 12 13 13 14 15 15 16 17 17 18 19 19 20 21 22 22 23 24 24 25 26 26 27 28 29 29 30 31 31 32 33 34 34 35 36 36 37 38 38 39 40 41 41 42 43 43 44 45 45 46 47 48 48 49 50 50 51 52 52 53 54 55 55 56 57 57 58 59 59 60 61 62 62 63 64 64 65 66 66 67 68 69 69 70 71 71 72 73 73 74 75 76 76 77 78 78 79 80 80 81 82 83 83 84 85 85 86 87 87 88 89 90 90 91 92 92 93 94 94 95 96 97 97 98 99 99 100 101 101 102 103 104 104 105 106 106 107 108 108 109 110 111 111 112 113 113 114 115 115 116 117 118 118 119 120 120 121 122 122 123 124 125 125 126 127 127 128 129 129 130 131 131 132 133 134 134 135 136 136 137 138 138 139 140 141 141 142 143 143 144 145 145 146 147 148 148 149 150 150 151 152 152 153 154 155 155 156 157 157 158 159 159 160 161 162 162 163 164 164 165 166 166 167 168 169 169 170 171 171 172 173 173 174 175 176 176 177 178 178 179 180 180 181 182 183 183 184 185 185 186 187 187 188 189 190 190 191 192 192 193 194 194 195 196 197 197 198 199 199 200 201 201 202 203 204 204 205 206 206 207 208 208 209 210 211 211 212 213 213 214 215 215 216 217 218 218 219 220 220 221 222 222 223 224 225 225 226 227 227 228 229 229 230 231 232 232 233 234 234 235 236 236 237 238 239 239 240 241 241 242 243 243 244 245 246 246 247 248 248 249 250 250 251 252 253 253 254 255 255 256 257 258 258 259 260 260 261 262 262 263 264 265 265 266 267 267 268 269 269 270 271 271 272 273 274 274 275 276 276 277 278 278 279 280 281 281 282 283 283 284 285 285 286 287 288 288 289 290 290 291 292 292 293 294 295 295 296 297 297 298 299 299 300 301 302 302 303 304 304 305 306 306 307 308 309 309 310 311 311 312 313 313 314 315 316 316 317 318 318 319 320 320 321 322 323 323 324 325 325 326 327 327 328 329 330 330 331 332 332 333 334 334 335 336 337 337 338 339 339 340 341 341 342 343 344 344 345 346 346 347 348 348 349 350 351 351 352 353 353 354 355 355 356 357 358 358 359 360 360 361 362 362 363 364 365 365 366 367 367 368 369 369 370 371 372 372 373 374 374 375 376 376 377 378 379 379 380 381 381 382 383 383 384 385 386 386 387 388 388 389 390 390 391 392 393 393 394 395 395 396 397 397 398 399 400 400 401 402 402 403 404 404 405 406 407 407 408 409 409 410 411 411 412 413 414 414 415 416 416 417 418 418 419 420 421 421 422 423 423 424 425 425 426 427 428 428 429 430 430 431 432 432 433 434 435 435 436 437 437 438 439 439 440 441 442 442 443 444 444 445 446 446 447 448 449 449 450 451 451 452 453 453 454 455 456 456 457 458 458 459 460 460 461 462 463 463 464 465 465 466 467 467 468 469 470 470 471 472 472 473 474 474 475 476 477 477 478 479 479 480 481 481 482 483 484 484 485 486 486 487 488 488 489 490 491 491 492 493 493 494 495 495 496 497 498 498 499 500 500 501 502 502 503 504 505 505 506 507 507 508 509 509 510 511 512 512 513 514 514 515 516 517 517 518 519 519 520 521 521 522 523 524 524 525 526 526 527 528 528 529 530 531 531 532 533 533 534 535 535 536 537 538 538 539 540 540 541 542 542 543 544 545 545 546 547 547 548 549 549 550 551 552 552 553 554 554 555 556 556 557 558 559 559 560 561 561 562 563 563 564 565 566 566 567 568 568 569 570 570 571 572 573 573 574 575 575 576 577 577 578 579 580 580 581 582 582 583 584 584 585 586 587 587 588 589 589 590 591 591 592 593 594 594 595 596 596 597 598 598 599 600 601 601 602 603 603 604 605 605 606 607 608 608 609 610 610 611 612 612 613 614 615 615 616 617 617 618 619 619 620 621 622 622 623 624 624 625 626 626 627 628 629 629 630 631 631 632 633 633 634 635 636 636 637 638 638 639 640 640 641 642 643 643 644 645 645 646 647 647 648 649 650 650 651 652 652 653 654 654 655 656 657 657 658 659 659 660 661 661 662 663 664 664 665 666 666 667 668 668 669 670 671 671 672 673 673 674 675 675 676 677 678 678 679 680 680 681 682 682 683 684 685 685 686 687 687 688 689 689 690 691 692 692 693 694 694 695 696 696 697 698 699 699 700 701 701 702


# name: index
# type: matrix
# rows: 0
# columns: 0


# name: int_bit_width
# type: scalar
9


# name: j
# type: scalar
1000


# name: kapa
# type: scalar
0


# name: lamda
# type: scalar
-128


# name: max_rate
# type: scalar
1000


# name: neu_num
# type: scalar
1


# name: option
# type: scalar
2


# name: option2
# type: sq_string
# elements: 1
# length: 1
y


